0.09915883279368368
0.387063299809964
0.21651644293154942
0.2111276759561654
0.10144927536231885
0.037113514915968086
0.1379054684338138
0.03358498350575648
0.2287902985660738
0.1948039378941034
0.23434308255874467
0.2619047619047619
0.309092704351613
0.08333333333333334
0.06410256410256411
0.12164966439732412
0.10163225872646234
0.057499661243084074
0.4347656971478253
0.29158030975783233
0.0
0.16511288783644018
0.09966863110054205
0.26213064994902924
0.27209774997686276
0.20237921181318902
0.14306655164486798
0.17398919285714728
0.21924414613095478
0.0752987662143891
0.09293071397599866
0.0625
0.15384615384615385
0.2206360992382245
0.11649498239796123
0.14861228840272606
0.30824749119898065
0.0
0.2702864549586314
0.13477520051675299
0.12450428531018312
0.21621584271053965
0.2367699726190508
0.26071130243224
0.051775541624191034
0.3466346623949631
0.32619530229571725
0.4597481890760153
0.04506641096938981
0.4097395096716007
0.022533205484694906
0.17355770632832232
0.1930226917157336
0.3123883976157203
0.11538461538461539
0.2000735711188558
0.32152251877943544
0.14649459524720018
0.12012356243421927
0.1851851851851852
0.19131822620611383
0.25464570621933624
0.25184781418211727
0.028055304931561303
0.4488473814608206
0.24246425246579398
0.13683577223784563
0.21875
0.2186861651174893
0.4265611768941422
0.17159798746177193
0.07269875434328564
0.2038937289896024
0.5221049778889129
0.1708298984711626
0.26593798584341194
0.18689249088926502
0.09761753912698605
0.3534763723443267
0.11837408448371453
0.0
0.3539353958444012
0.23517232185729567
0.15384615384615385
0.13990865818999848
0.22363783954081837
0.16666666666666666
0.31759961645408474
0.12701067993561363
0.11346655479910804
0.15165804452069293
0.42811186149144925
0.18360406209496474
0.06699021688835358
0.14769189076071887
0.2857142857142857
0.2861681646590673
0.2840412357858698
0.06571389856352465
0.31079399243852374
