0.1347803067985753
0.40507917677178534
0.21651644293154942
0.2559848064948653
0.11187590434354196
0.08336310449282391
0.17775446066968947
0.03358498350575648
0.2287902985660738
0.22729302042540842
0.24308060192010988
0.2619047619047619
0.34878428646144677
0.09895833333333334
0.10576352415551206
0.12164966439732412
0.12615076808577402
0.07349703779369754
0.445709427774375
0.3130374594233038
0.03767788204370242
0.20727342507173033
0.13693818210696854
0.2948186355313057
0.27209774997686276
0.2198923078668008
0.14306655164486798
0.21336735052019584
0.29256346033960495
0.10345144887022834
0.12997411110792786
0.0937880354330026
0.17135924989976561
0.24162427043554394
0.11649498239796123
0.1674315608733588
0.30824749119898065
0.0
0.3050297212776209
0.17035080397416955
0.12450428531018312
0.23030618301699826
0.24941831976888157
0.30242883485063854
0.11021518826303617
0.3466346623949631
0.32619530229571725
0.4597481890760153
0.06188133335272112
0.4097395096716007
0.0589653926986557
0.22617217032784398
0.21049773043846404
0.34222957862486264
0.13349299333589523
0.23578785683314152
0.3819659441666554
0.1639696339699306
0.17688286358590874
0.22786832978691585
0.19131822620611383
0.25464570621933624
0.2849248971866595
0.06034047646384386
0.46107990856673187
0.27296710123210993
0.16434281295189193
0.25218131065380905
0.2729948193182671
0.4522877970087862
0.19672108754203815
0.12819885391864003
0.2038937289896024
0.5221049778889129
0.1882638325743582
0.2795296826277578
0.18689249088926502
0.13422961246554935
0.3534763723443267
0.11837408448371453
0.036245436902145434
0.3725315922211431
0.23517232185729567
0.19373904306515455
0.17795869989140048
0.2785124131042171
0.19284392665154948
0.35566302284440715
0.14114865184104808
0.17268794047097985
0.20770018833819917
0.42811186149144925
0.22132096853605293
0.06699021688835358
0.19060619009166194
0.31965866999534065
0.2861681646590673
0.3205967265500828
0.11968868912023593
0.3286511352956666
