0.15384615384615385
0.6
0.3125
0.35294117647058826
0.13043478260869565
0.058823529411764705
0.21428571428571427
0.1111111111111111
0.38461538461538464
0.4
0.2857142857142857
0.2857142857142857
0.4
0.125
0.15384615384615385
0.1875
0.23809523809523808
0.125
0.5833333333333334
0.5384615384615384
0.0
0.2608695652173913
0.12121212121212122
0.3333333333333333
0.46153846153846156
0.23076923076923078
0.1875
0.23076923076923078
0.25
0.10526315789473684
0.14285714285714285
0.0625
0.15384615384615385
0.3157894736842105
0.21428571428571427
0.23076923076923078
0.35714285714285715
0.0
0.4090909090909091
0.21428571428571427
0.21428571428571427
0.3469387755102041
0.2777777777777778
0.32
0.1111111111111111
0.4117647058823529
0.625
0.6
0.07142857142857142
0.47619047619047616
0.07142857142857142
0.3157894736842105
0.2857142857142857
0.47058823529411764
0.15384615384615385
0.2857142857142857
0.5294117647058824
0.2857142857142857
0.23076923076923078
0.2222222222222222
0.3076923076923077
0.42857142857142855
0.42857142857142855
0.08695652173913043
0.55
0.28
0.23076923076923078
0.3125
0.2857142857142857
0.5555555555555556
0.25
0.14285714285714285
0.32
0.5789473684210527
0.3125
0.3333333333333333
0.2857142857142857
0.2
0.46153846153846156
0.2857142857142857
0.0
0.6666666666666666
0.42857142857142855
0.15384615384615385
0.3076923076923077
0.2857142857142857
0.16666666666666666
0.42857142857142855
0.26666666666666666
0.1875
0.2857142857142857
0.5714285714285714
0.23076923076923078
0.21428571428571427
0.23076923076923078
0.2857142857142857
0.46153846153846156
0.38461538461538464
0.14285714285714285
0.42857142857142855
