0.07692307692307693
0.4666666666666667
0.25
0.29411764705882354
0.08695652173913043
0.058823529411764705
0.21428571428571427
0.0
0.23076923076923078
0.26666666666666666
0.2857142857142857
0.2857142857142857
0.35
0.0625
0.07692307692307693
0.125
0.14285714285714285
0.0625
0.5
0.23076923076923078
0.0
0.17391304347826086
0.09090909090909091
0.26666666666666666
0.38461538461538464
0.23076923076923078
0.125
0.23076923076923078
0.25
0.10526315789473684
0.07142857142857142
0.0625
0.15384615384615385
0.2631578947368421
0.07142857142857142
0.15384615384615385
0.2857142857142857
0.0
0.2727272727272727
0.21428571428571427
0.14285714285714285
0.2653061224489796
0.2777777777777778
0.32
0.05555555555555555
0.4117647058823529
0.5
0.4666666666666667
0.07142857142857142
0.38095238095238093
0.0
0.21052631578947367
0.21428571428571427
0.4117647058823529
0.15384615384615385
0.21428571428571427
0.4117647058823529
0.21428571428571427
0.23076923076923078
0.16666666666666666
0.23076923076923078
0.2857142857142857
0.35714285714285715
0.0
0.45
0.28
0.20512820512820512
0.3125
0.2857142857142857
0.4444444444444444
0.2
0.14285714285714285
0.24
0.5263157894736842
0.1875
0.2777777777777778
0.14285714285714285
0.13333333333333333
0.38461538461538464
0.14285714285714285
0.0
0.5333333333333333
0.21428571428571427
0.15384615384615385
0.23076923076923078
0.2857142857142857
0.16666666666666666
0.35714285714285715
0.16
0.125
0.2857142857142857
0.5
0.23076923076923078
0.0
0.15384615384615385
0.2857142857142857
0.38461538461538464
0.38461538461538464
0.07142857142857142
0.35714285714285715
