0.3076923076923077
0.6666666666666666
0.3125
0.5294117647058824
0.17391304347826086
0.23529411764705882
0.35714285714285715
0.1111111111111111
0.38461538461538464
0.5333333333333333
0.32142857142857145
0.2857142857142857
0.55
0.1875
0.3076923076923077
0.1875
0.3333333333333333
0.1875
0.625
0.6153846153846154
0.15384615384615385
0.43478260869565216
0.2727272727272727
0.4666666666666667
0.46153846153846156
0.3076923076923077
0.1875
0.38461538461538464
0.5416666666666666
0.21052631578947367
0.2857142857142857
0.1875
0.23076923076923078
0.39473684210526316
0.21428571428571427
0.3076923076923077
0.35714285714285715
0.0
0.5454545454545454
0.35714285714285715
0.21428571428571427
0.40816326530612246
0.3333333333333333
0.48
0.3333333333333333
0.4117647058823529
0.625
0.6
0.14285714285714285
0.47619047619047616
0.21428571428571427
0.5263157894736842
0.35714285714285715
0.5882352941176471
0.23076923076923078
0.42857142857142855
0.7647058823529411
0.35714285714285715
0.46153846153846156
0.3888888888888889
0.3076923076923077
0.42857142857142855
0.5714285714285714
0.21739130434782608
0.6
0.4
0.3333333333333333
0.4375
0.5
0.6666666666666666
0.35
0.35714285714285715
0.32
0.5789473684210527
0.375
0.3888888888888889
0.2857142857142857
0.3333333333333333
0.46153846153846156
0.2857142857142857
0.15384615384615385
0.7333333333333333
0.42857142857142855
0.3076923076923077
0.46153846153846156
0.5
0.2777777777777778
0.5714285714285714
0.32
0.4375
0.5
0.5714285714285714
0.38461538461538464
0.21428571428571427
0.38461538461538464
0.42857142857142855
0.46153846153846156
0.5384615384615384
0.35714285714285715
0.5
