104 
44 
124 
64 
48 
113 
97 
128 
189 
132 
22 
51 
92 
127 
38 
134 
5 
23 
246 
60 
184 
116 
26 
273 
167 
171 
244 
669 
40 
217 
209 
151 
62 
68 
714 
84 
0 
259 
743 
218 
733 
381 
420 
15 
9 
662 
277 
160 
4 
213 
210 
434 
264 
67 
186 
78 
547 
50 
206 
711 
280 
376 
642 
27 
58 
315 
168 
13 
237 
96 
317 
283 
19 
352 
177 
156 
123 
643 
199 
164 
515 
432 
587 
538 
148 
512 
611 
105 
155 
290 
7 
788 
195 
755 
385 
221 
499 
437 
528 
145 
183 
305 
766 
41 
3 
214 
741 
531 
486 
321 
33 
336 
541 
