91 
779 
806 
24 
941 
716 
718 
722 
759 
780 
789 
690 
370 
770 
937 
667 
696 
706 
711 
725 
729 
735 
740 
746 
752 
758 
774 
795 
709 
701 
698 
736 
793 
708 
668 
687 
688 
694 
727 
769 
782 
799 
807 
670 
429 
436 
693 
699 
875 
946 
804 
936 
967 
666 
678 
680 
753 
760 
695 
728 
739 
749 
761 
692 
940 
713 
738 
743 
754 
778 
800 
803 
707 
717 
750 
756 
785 
809 
669 
665 
724 
751 
792 
797 
662 
755 
772 
794 
671 
796 
939 
685 
297 
731 
741 
734 
801 
1026 
19 
9 
228 
719 
143 
992 
466 
267 
513 
1025 
8 
922 
498 
203 
49 
483 
270 
633 
215 
199 
336 
609 
960 
11 
615 
462 
14 
46 
356 
467 
28 
886 
357 
1052 
174 
495 
505 
1069 
969 
71 
574 
445 
988 
194 
106 
107 
130 
257 
398 
841 
904 
217 
170 
1 
529 
367 
385 
223 
264 
272 
296 
546 
971 
179 
1005 
171 
15 
10 
18 
861 
236 
547 
12 
492 
524 
258 
13 
128 
327 
504 
77 
829 
855 
860 
882 
975 
640 
499 
642 
552 
92 
248 
4 
320 
207 
1030 
885 
101 
896 
510 
1043 
1007 
95 
147 
984 
168 
1038 
805 
817 
387 
899 
676 
884 
378 
474 
443 
34 
323 
629 
672 
441 
137 
580 
251 
563 
352 
157 
847 
81 
403 
637 
839 
874 
878 
925 
942 
978 
849 
568 
567 
892 
344 
384 
202 
408 
254 
3 
572 
219 
405 
185 
273 
230 
1034 
250 
1054 
846 
608 
247 
53 
221 
365 
562 
411 
186 
1006 
1037 
114 
909 
585 
1050 
815 
853 
881 
901 
858 
589 
110 
540 
32 
355 
927 
377 
156 
159 
212 
449 
123 
305 
457 
866 
319 
621 
959 
281 
987 
349 
238 
56 
