406 
1158 
39 
243 
86 
603 
1228 
350 
382 
994 
85 
174 
1018 
1106 
600 
1466 
529 
790 
176 
559 
586 
153 
737 
748 
335 
424 
505 
514 
203 
139 
509 
175 
147 
775 
646 
537 
605 
20 
205 
117 
1005 
242 
316 
57 
567 
738 
896 
524 
1115 
133 
633 
1109 
390 
661 
43 
797 
891 
126 
89 
792 
343 
263 
59 
629 
322 
534 
1298 
90 
770 
895 
664 
150 
211 
207 
10 
428 
647 
1075 
338 
719 
558 
546 
433 
1256 
202 
396 
676 
713 
533 
767 
119 
619 
45 
504 
392 
331 
386 
831 
194 
758 
326 
1200 
120 
565 
470 
275 
166 
1528 
438 
110 
729 
251 
198 
75 
231 
864 
609 
125 
814 
236 
255 
435 
200 
982 
555 
216 
597 
635 
909 
454 
1241 
521 
740 
1061 
808 
47 
1058 
905 
1210 
1712 
371 
1253 
644 
614 
929 
702 
374 
756 
383 
1150 
1014 
1118 
256 
945 
535 
1145 
431 
74 
732 
14 
843 
769 
1348 
372 
272 
287 
941 
52 
112 
137 
1308 
141 
608 
1195 
136 
215 
517 
319 
1310 
625 
1181 
400 
840 
519 
1042 
678 
188 
860 
83 
465 
690 
900 
762 
163 
1297 
138 
93 
866 
146 
426 
417 
122 
527 
765 
911 
8 
240 
865 
657 
754 
1120 
1344 
919 
799 
109 
349 
641 
718 
575 
1149 
212 
94 
720 
461 
990 
728 
79 
69 
489 
98 
1535 
715 
1194 
922 
1101 
1041 
1251 
292 
332 
925 
1135 
1001 
1098 
1240 
542 
1313 
525 
829 
1270 
556 
226 
798 
324 
651 
204 
726 
414 
1586 
291 
591 
375 
482 
129 
656 
1131 
666 
795 
693 
1545 
72 
170 
717 
444 
222 
871 
1285 
861 
839 
294 
630 
491 
111 
1529 
18 
328 
87 
416 
1475 
1301 
520 
1038 
573 
1730 
2011 
501 
590 
862 
584 
639 
622 
1105 
179 
566 
1185 
939 
1431 
182 
523 
1232 
880 
29 
42 
82 
107 
745 
890 
585 
949 
1517 
675 
369 
828 
564 
731 
876 
617 
903 
325 
6 
1003 
1011 
88 
1539 
2 
776 
975 
606 
596 
419 
363 
921 
274 
885 
130 
495 
425 
91 
1331 
837 
964 
856 
30 
312 
825 
1154 
1456 
716 
873 
506 
936 
474 
793 
1365 
258 
794 
311 
836 
1651 
815 
1674 
1209 
695 
1070 
1000 
1092 
143 
238 
357 
288 
881 
359 
593 
923 
908 
562 
411 
623 
723 
46 
1084 
730 
516 
187 
612 
847 
1280 
387 
631 
1258 
149 
522 
970 
1133 
615 
1226 
857 
1162 
115 
1423 
594 
1046 
878 
37 
366 
500 
219 
753 
849 
655 
1276 
439 
1237 
673 
229 
448 
701 
1341 
131 
887 
960 
954 
1088 
1629 
1184 
17 
77 
771 
1023 
1216 
704 
1230 
1190 
1405 
399 
173 
193 
853 
993 
568 
1259 
682 
683 
327 
508 
916 
869 
53 
144 
1368 
409 
1157 
196 
159 
192 
284 
1558 
208 
1346 
692 
842 
1304 
932 
484 
296 
101 
1111 
178 
803 
800 
95 
1272 
99 
323 
577 
783 
1064 
1691 
73 
688 
1264 
423 
268 
34 
446 
760 
553 
696 
1004 
1176 
868 
1063 
1177 
412 
588 
632 
1198 
1231 
958 
1102 
1723 
663 
917 
1 
1393 
488 
453 
530 
580 
365 
464 
32 
979 
686 
1069 
1449 
2091 
1336 
337 
681 
910 
937 
1726 
467 
1333 
1523 
1617 
1685 
1856 
479 
599 
872 
1526 
405 
480 
1450 
121 
355 
1292 
1433 
1488 
1081 
1007 
1492 
201 
950 
510 
1071 
1163 
191 
502 
877 
1242 
563 
180 
2041 
460 
276 
418 
858 
898 
1451 
1271 
308 
539 
1202 
1566 
157 
968 
618 
135 
348 
342 
1095 
999 
1352 
703 
340 
1387 
1613 
140 
278 
1049 
1283 
1655 
31 
724 
1103 
576 
2003 
106 
552 
897 
1211 
1499 
1537 
1213 
1715 
463 
1019 
21 
1644 
560 
1016 
1459 
63 
361 
918 
1274 
1309 
746 
1503 
16 
2320 
810 
1155 
1179 
415 
931 
1454 
354 
734 
1453 
1585 
1662 
870 
1113 
260 
545 
1066 
648 
56 
727 
1347 
162 
581 
983 
65 
379 
879 
1935 
76 
142 
61 
1467 
1300 
1381 
364 
735 
1465 
1482 
1126 
1862 
1165 
1371 
1439 
293 
551 
267 
638 
1262 
1687 
687 
1764 
1072 
532 
1218 
557 
1130 
1419 
1577 
668 
1087 
1022 
1250 
1604 
54 
481 
493 
1034 
1278 
1797 
1887 
1328 
1085 
665 
848 
988 
583 
998 
1633 
1675 
904 
487 
694 
561 
1582 
1670 
35 
118 
462 
1345 
1967 
739 
850 
1316 
1711 
2036 
12 
1359 
2139 
266 
935 
401 
1244 
1665 
1030 
1172 
894 
1382 
2153 
25 
1254 
252 
445 
1008 
358 
667 
1500 
1236 
955 
1067 
1831 
610 
1112 
699 
447 
698 
645 
1418 
1472 
2237 
158 
601 
1303 
1114 
1847 
1851 
1015 
1080 
306 
620 
1027 
1641 
1913 
172 
197 
759 
1340 
1531 
1755 
772 
1744 
1248 
1326 
483 
1033 
1275 
1295 
852 
1406 
1417 
2030 
71 
472 
469 
1267 
1290 
1050 
1153 
1476 
1039 
1053 
1234 
1355 
1664 
2046 
1212 
1998 
2269 
1054 
1173 
1394 
1592 
55 
1837 
1396 
2144 
220 
507 
1036 
884 
1068 
1864 
2158 
2343 
394 
571 
1448 
1649 
49 
1083 
742 
1963 
24 
511 
1208 
152 
1137 
974 
1273 
1376 
457 
518 
1192 
1383 
1509 
787 
1037 
1168 
1289 
1868 
1094 
1801 
108 
763 
1166 
1717 
388 
1096 
1091 
1051 
1832 
2109 
526 
304 
697 
1596 
700 
1119 
1761 
1836 
1338 
265 
452 
680 
377 
1225 
459 
1584 
1312 
2227 
2483 
1843 
1855 
1024 
892 
281 
1590 
66 
353 
1497 
926 
984 
269 
1668 
1583 
471 
1107 
1578 
1156 
81 
1141 
2018 
845 
907 
351 
345 
1516 
1610 
1563 
1846 
334 
1939 
2127 
497 
582 
832 
2292 
985 
1029 
1182 
1474 
468 
777 
934 
834 
544 
636 
671 
1139 
1171 
1260 
1351 
1485 
1542 
1716 
751 
1079 
1263 
1579 
1634 
2039 
1078 
721 
824 
1407 
2232 
2235 
458 
475 
1628 
1243 
1044 
722 
627 
1229 
1984 
1299 
1221 
1073 
1666 
466 
604 
300 
404 
650 
819 
989 
1363 
1557 
389 
1017 
1151 
1457 
1724 
1921 
1871 
874 
1462 
1738 
1334 
1925 
1265 
2133 
652 
806 
835 
1520 
1619 
592 
888 
1059 
1447 
1658 
2491 
391 
628 
893 
1403 
2066 
901 
1501 
1753 
1962 
1595 
356 
1082 
2671 
812 
980 
1401 
602 
674 
1955 
550 
736 
1808 
2556 
2847 
883 
1570 
1657 
613 
2058 
2250 
1703 
1568 
709 
915 
1416 
1824 
706 
1426 
2416 
103 
429 
1385 
1575 
1848 
710 
966 
1553 
1093 
1673 
2474 
685 
1311 
1543 
1612 
1631 
2057 
430 
914 
1384 
1839 
1269 
1138 
844 
957 
1327 
1810 
1922 
1045 
2135 
796 
1062 
1025 
1902 
1772 
791 
851 
1899 
2141 
368 
1076 
1722 
1009 
