144 
7 
370 
1211 
281 
491 
1092 
746 
757 
981 
317 
33 
213 
288 
155 
96 
86 
425 
167 
19 
533 
379 
104 
152 
778 
241 
163 
3 
43 
578 
739 
182 
1005 
316 
732 
331 
41 
314 
523 
638 
710 
376 
345 
116 
728 
780 
551 
85 
146 
176 
501 
132 
90 
597 
313 
766 
138 
39 
521 
57 
1095 
333 
330 
992 
338 
210 
400 
559 
1101 
175 
89 
592 
174 
550 
1048 
880 
119 
1062 
885 
729 
749 
529 
589 
201 
506 
234 
595 
1280 
478 
611 
431 
206 
421 
731 
601 
820 
253 
204 
497 
758 
240 
884 
321 
516 
140 
782 
273 
202 
747 
787 
135 
249 
496 
109 
10 
384 
20 
1437 
1136 
417 
47 
424 
656 
798 
934 
653 
1001 
918 
45 
215 
600 
377 
625 
59 
761 
1236 
621 
426 
94 
538 
254 
1673 
326 
1494 
380 
832 
463 
447 
366 
149 
187 
118 
214 
723 
238 
969 
1104 
261 
694 
636 
197 
1183 
1131 
365 
230 
1224 
1500 
627 
315 
1239 
1292 
709 
75 
745 
717 
1084 
525 
270 
125 
889 
668 
547 
428 
169 
193 
124 
898 
98 
52 
894 
1253 
390 
410 
704 
527 
1179 
14 
93 
211 
928 
1045 
753 
804 
111 
828 
977 
454 
88 
1178 
577 
829 
165 
908 
513 
519 
900 
419 
819 
8 
953 
285 
938 
6 
509 
145 
526 
108 
1193 
711 
42 
1135 
1290 
1234 
136 
74 
368 
639 
290 
512 
643 
855 
720 
633 
670 
1029 
685 
892 
714 
557 
203 
988 
344 
292 
853 
606 
1421 
1078 
1615 
225 
289 
121 
849 
1446 
1121 
604 
87 
386 
407 
707 
458 
682 
1493 
617 
181 
517 
1117 
688 
756 
221 
1091 
228 
1223 
481 
622 
178 
583 
784 
1165 
82 
998 
554 
607 
327 
137 
69 
199 
1329 
1495 
851 
498 
1283 
142 
1550 
789 
83 
949 
475 
565 
914 
1028 
785 
1214 
850 
1295 
1106 
110 
874 
511 
191 
708 
774 
990 
1637 
394 
930 
760 
29 
869 
256 
508 
911 
323 
1087 
1427 
352 
1192 
534 
706 
1215 
1057 
987 
412 
18 
1025 
1325 
623 
658 
286 
483 
487 
186 
719 
1140 
266 
1169 
493 
854 
647 
588 
207 
912 
1420 
1112 
925 
358 
437 
1510 
79 
870 
1279 
805 
2 
46 
128 
1484 
354 
842 
319 
556 
1119 
598 
522 
862 
624 
788 
783 
363 
1097 
614 
648 
943 
845 
37 
320 
736 
1593 
1209 
162 
409 
1268 
418 
926 
322 
548 
492 
674 
631 
369 
1333 
744 
1422 
552 
1066 
910 
767 
308 
1490 
148 
609 
494 
114 
858 
696 
404 
1241 
17 
1242 
1346 
957 
994 
405 
1504 
134 
1967 
95 
514 
172 
467 
1683 
675 
236 
457 
543 
586 
1322 
1157 
649 
665 
836 
450 
637 
446 
959 
129 
1220 
615 
1654 
177 
582 
72 
567 
1089 
921 
865 
91 
1033 
967 
120 
1149 
432 
25 
899 
1939 
879 
1690 
1255 
838 
1199 
158 
500 
876 
515 
947 
980 
867 
1168 
866 
920 
77 
274 
99 
282 
906 
857 
195 
640 
818 
408 
403 
560 
32 
361 
1496 
673 
1436 
1459 
63 
298 
1050 
722 
580 
219 
1143 
1105 
991 
687 
721 
1116 
1577 
139 
61 
602 
343 
460 
1397 
2014 
441 
1686 
381 
537 
1648 
963 
34 
1425 
1933 
1380 
553 
815 
31 
359 
1225 
549 
1051 
846 
218 
569 
680 
826 
399 
1141 
693 
762 
1471 
545 
1530 
16 
272 
76 
12 
1266 
485 
439 
480 
65 
1174 
1181 
106 
1153 
411 
576 
790 
349 
1608 
21 
558 
841 
887 
897 
1003 
831 
679 
360 
985 
143 
1363 
101 
873 
1453 
35 
30 
1017 
1424 
1227 
1541 
2055 
1010 
1403 
678 
1026 
462 
793 
53 
1312 
1317 
1243 
141 
264 
151 
1036 
1056 
477 
1058 
190 
1349 
1161 
531 
309 
692 
1148 
1828 
1070 
591 
393 
117 
1592 
1605 
939 
1263 
461 
1245 
861 
986 
1185 
1619 
1675 
905 
1627 
1343 
1298 
944 
1522 
276 
1576 
2170 
161 
332 
510 
1625 
1962 
1467 
610 
502 
1799 
667 
924 
1231 
847 
544 
1476 
388 
1583 
1 
1152 
1791 
1638 
972 
1956 
337 
883 
1628 
1055 
975 
453 
886 
2074 
1021 
1715 
968 
1274 
802 
291 
1020 
585 
1246 
1456 
1873 
130 
1100 
962 
777 
1404 
1328 
1781 
1307 
995 
750 
1633 
690 
1059 
1443 
2142 
1445 
1213 
684 
742 
55 
1261 
657 
1433 
265 
1196 
456 
821 
356 
1428 
907 
455 
1009 
2443 
1851 
655 
250 
1682 
1247 
473 
1156 
1722 
267 
1081 
1806 
1309 
715 
1319 
1011 
726 
751 
1559 
1597 
641 
1507 
54 
489 
823 
2220 
1166 
192 
237 
1002 
200 
329 
825 
1233 
24 
474 
445 
305 
840 
681 
1438 
1546 
335 
620 
584 
1447 
1259 
2373 
1636 
1972 
1430 
659 
955 
695 
882 
294 
279 
350 
1037 
859 
416 
1468 
1587 
1599 
1574 
157 
1461 
1548 
2200 
1859 
1419 
2153 
1521 
2243 
66 
1040 
893 
1314 
2057 
1073 
1063 
1281 
2137 
1762 
1191 
1258 
518 
573 
1534 
1751 
1921 
1212 
1992 
1286 
318 
1946 
464 
303 
1014 
105 
1339 
1357 
1556 
725 
1160 
1377 
1581 
1542 
700 
1790 
472 
1107 
1788 
786 
1981 
813 
1007 
422 
1720 
1294 
49 
107 
763 
383 
1139 
997 
1277 
536 
1067 
915 
1065 
371 
373 
1498 
71 
1004 
811 
2136 
1754 
1392 
630 
1919 
1983 
1222 
1465 
1860 
1382 
1082 
605 
81 
834 
1410 
868 
1327 
438 
1968 
