356 
474 
545 
12 
70 
96 
142 
195 
229 
256 
274 
288 
327 
7 
11 
131 
143 
567 
10 
199 
233 
312 
384 
434 
116 
507 
513 
654 
124 
181 
185 
196 
207 
208 
214 
272 
432 
482 
526 
264 
596 
94 
133 
179 
228 
267 
281 
301 
401 
473 
495 
602 
691 
87 
198 
234 
300 
366 
410 
431 
470 
479 
587 
747 
23 
41 
132 
153 
178 
202 
226 
283 
402 
426 
450 
478 
510 
522 
590 
741 
3 
98 
224 
244 
270 
282 
332 
392 
417 
844 
13 
108 
186 
187 
240 
273 
475 
514 
677 
82 
86 
115 
123 
136 
189 
192 
230 
239 
320 
418 
471 
472 
497 
650 
683 
322 
731 
31 
57 
93 
155 
169 
249 
403 
407 
409 
442 
500 
517 
565 
627 
656 
1027 
22 
30 
65 
76 
90 
92 
149 
176 
251 
258 
284 
318 
321 
326 
427 
518 
581 
595 
653 
659 
819 
865 
925 
47 
51 
61 
72 
80 
85 
122 
146 
200 
212 
217 
218 
225 
259 
271 
297 
306 
309 
420 
428 
430 
446 
454 
503 
508 
509 
525 
530 
704 
734 
89 
128 
135 
147 
156 
168 
191 
204 
211 
222 
232 
238 
241 
242 
247 
325 
357 
381 
408 
429 
461 
476 
481 
527 
528 
280 
662 
750 
870 
1 
46 
50 
52 
58 
62 
71 
130 
151 
163 
177 
197 
231 
269 
316 
339 
385 
448 
519 
520 
549 
558 
684 
289 
738 
755 
878 
1046 
20 
37 
54 
67 
101 
140 
161 
216 
245 
254 
290 
302 
305 
188 
379 
412 
419 
424 
435 
447 
490 
355 
462 
628 
630 
651 
664 
689 
154 
698 
707 
740 
762 
812 
918 
9 
28 
38 
100 
121 
125 
144 
183 
213 
248 
263 
323 
324 
337 
386 
411 
413 
433 
449 
483 
501 
505 
506 
529 
635 
649 
678 
516 
716 
735 
746 
761 
780 
814 
945 
2 
16 
18 
44 
48 
53 
64 
66 
91 
105 
261 
303 
314 
346 
370 
377 
391 
400 
405 
415 
455 
477 
494 
512 
515 
605 
646 
658 
32 
701 
706 
708 
714 
728 
736 
342 
660 
754 
779 
791 
822 
929 
930 
968 
992 
1047 
1073 
77 
104 
141 
162 
166 
219 
286 
294 
315 
345 
353 
368 
416 
457 
464 
484 
504 
523 
524 
170 
553 
568 
601 
603 
624 
626 
632 
639 
661 
672 
682 
709 
715 
719 
749 
863 
1015 
1100 
4 
5 
26 
39 
59 
79 
107 
119 
127 
139 
158 
165 
220 
276 
310 
371 
380 
388 
390 
395 
398 
444 
451 
465 
485 
487 
488 
492 
511 
538 
546 
548 
552 
560 
594 
608 
609 
641 
655 
671 
675 
159 
311 
712 
727 
730 
745 
