301 
862 
47 
877 
333 
124 
947 
144 
366 
401 
1011 
1067 
51 
295 
363 
152 
973 
493 
36 
80 
98 
138 
312 
331 
399 
618 
930 
871 
55 
329 
891 
865 
263 
388 
979 
658 
197 
308 
237 
239 
970 
994 
444 
481 
497 
824 
470 
235 
784 
275 
280 
389 
428 
1018 
765 
482 
816 
822 
604 
196 
958 
288 
304 
353 
265 
993 
996 
610 
2 
566 
887 
898 
612 
421 
487 
520 
876 
38 
79 
595 
1076 
66 
460 
1004 
438 
1014 
242 
933 
78 
21 
359 
276 
1080 
151 
489 
561 
890 
180 
414 
845 
581 
244 
287 
586 
229 
392 
395 
406 
434 
461 
477 
5 
630 
631 
674 
1074 
781 
894 
382 
393 
245 
920 
35 
216 
856 
332 
198 
840 
298 
543 
564 
345 
656 
210 
641 
578 
601 
451 
634 
550 
980 
556 
116 
40 
935 
953 
189 
476 
439 
0 
90 
96 
310 
416 
691 
733 
833 
900 
1010 
37 
450 
883 
838 
576 
362 
131 
146 
390 
188 
657 
1000 
211 
1027 
234 
1051 
512 
317 
371 
372 
135 
141 
155 
456 
31 
551 
870 
290 
269 
175 
249 
256 
84 
603 
956 
655 
888 
748 
484 
494 
644 
626 
851 
253 
475 
427 
140 
521 
810 
1073 
118 
596 
183 
145 
986 
955 
830 
843 
863 
43 
905 
912 
165 
651 
818 
825 
525 
530 
570 
592 
105 
928 
419 
673 
954 
1071 
50 
214 
1044 
832 
577 
335 
606 
945 
1035 
1040 
557 
97 
597 
99 
220 
814 
233 
766 
17 
316 
910 
343 
415 
294 
968 
989 
206 
486 
289 
539 
919 
121 
926 
1008 
1019 
225 
821 
1028 
1039 
488 
569 
373 
643 
192 
990 
1064 
508 
522 
537 
169 
1023 
193 
374 
991 
1057 
243 
126 
635 
204 
831 
533 
33 
302 
820 
191 
241 
61 
931 
627 
306 
62 
514 
528 
764 
616 
593 
924 
176 
811 
906 
864 
325 
100 
369 
231 
632 
261 
266 
161 
351 
442 
452 
598 
22 
29 
30 
129 
277 
291 
531 
555 
659 
1059 
607 
600 
125 
148 
404 
455 
545 
39 
213 
45 
767 
26 
583 
162 
471 
65 
584 
407 
218 
972 
459 
868 
328 
907 
507 
279 
413 
613 
447 
122 
41 
397 
548 
712 
714 
897 
660 
52 
579 
594 
619 
400 
983 
479 
823 
255 
259 
639 
303 
119 
324 
943 
582 
648 
623 
380 
154 
430 
440 
1013 
480 
426 
812 
69 
1055 
1070 
771 
571 
75 
354 
1049 
985 
1021 
1033 
425 
1077 
527 
565 
173 
409 
684 
224 
813 
282 
723 
394 
448 
341 
916 
437 
932 
417 
222 
742 
827 
834 
893 
903 
102 
908 
646 
115 
190 
209 
835 
86 
420 
469 
786 
944 
1017 
465 
240 
554 
918 
133 
64 
120 
410 
591 
433 
573 
1042 
111 
113 
368 
381 
391 
1012 
446 
350 
763 
611 
246 
516 
917 
127 
422 
677 
957 
602 
850 
1072 
1075 
432 
519 
535 
299 
25 
383 
542 
232 
468 
491 
205 
828 
88 
961 
614 
929 
762 
536 
485 
503 
1078 
42 
284 
624 
164 
649 
981 
1002 
1045 
260 
376 
509 
313 
346 
622 
402 
454 
44 
412 
418 
506 
93 
300 
60 
337 
360 
464 
913 
1062 
67 
68 
73 
108 
311 
517 
854 
949 
950 
1031 
1032 
526 
286 
23 
112 
873 
879 
587 
599 
104 
645 
654 
424 
1016 
911 
338 
103 
184 
268 
278 
315 
396 
431 
502 
518 
534 
1068 
638 
681 
976 
1036 
347 
553 
149 
361 
951 
1061 
653 
1066 
1003 
453 
163 
836 
364 
252 
87 
1024 
478 
283 
490 
379 
139 
293 
70 
1029 
227 
826 
292 
330 
921 
620 
142 
195 
995 
226 
541 
307 
560 
575 
27 
952 
150 
160 
636 
617 
652 
386 
1020 
859 
867 
172 
889 
83 
339 
94 
342 
966 
423 
496 
819 
523 
842 
166 
675 
1079 
318 
20 
57 
59 
72 
201 
472 
650 
473 
965 
1009 
54 
880 
1046 
1056 
628 
285 
538 
852 
153 
262 
314 
117 
844 
549 
321 
895 
544 
463 
334 
