1671 
594 
1876 
1285 
1549 
837 
479 
568 
1560 
300 
1370 
712 
1595 
387 
1527 
1369 
796 
1460 
686 
2228 
1906 
1857 
1650 
1779 
156 
1111 
642 
1391 
663 
572 
1808 
1074 
1987 
555 
860 
499 
1296 
362 
1125 
2083 
503 
1795 
612 
1254 
946 
1053 
1024 
299 
73 
1539 
1911 
1896 
2135 
1865 
1378 
2029 
1775 
839 
976 
1308 
1769 
56 
935 
1800 
922 
1372 
440 
490 
1568 
1578 
852 
1613 
1598 
961 
1264 
973 
471 
1841 
1485 
937 
1114 
1423 
1499 
1478 
2180 
1918 
1282 
824 
1631 
1054 
2381 
1326 
872 
1869 
2140 
697 
196 
1257 
2050 
1889 
1203 
738 
730 
652 
1877 
2358 
1217 
1547 
1219 
562 
2128 
755 
903 
1250 
923 
1077 
423 
1462 
227 
263 
1142 
1871 
1071 
1483 
2124 
1629 
2193 
1914 
1543 
1216 
1691 
1195 
179 
382 
1588 
70 
1602 
245 
1491 
676 
699 
752 
2138 
1525 
1237 
1012 
1098 
524 
1248 
1016 
689 
1023 
1096 
575 
616 
1272 
341 
2093 
1505 
1151 
476 
2146 
864 
1863 
2041 
904 
878 
1044 
2132 
2122 
1815 
2521 
1705 
367 
1755 
896 
2052 
395 
800 
1959 
1079 
1916 
2274 
2351 
1674 
1344 
1965 
2675 
1353 
814 
1780 
2085 
1653 
1626 
2307 
1697 
2069 
1271 
1655 
927 
1060 
1448 
1957 
1672 
754 
1093 
1341 
1589 
1614 
881 
1603 
11 
1049 
1569 
1381 
1526 
2199 
2087 
2064 
2165 
184 
1783 
2089 
1080 
1676 
1293 
1194 
1251 
1418 
2168 
353 
871 
713 
1948 
1703 
1941 
2518 
1758 
1175 
2506 
1540 
1501 
1390 
1342 
1336 
1300 
1845 
1034 
1665 
1508 
2023 
1696 
759 
1838 
574 
2426 
542 
1698 
996 
1977 
1469 
1677 
1155 
644 
1046 
171 
1291 
346 
1163 
1099 
1969 
890 
1928 
1145 
2438 
451 
468 
1359 
1083 
1702 
1973 
1110 
1230 
1713 
2371 
2427 
1313 
2314 
1621 
1776 
1684 
1746 
1218 
1383 
596 
1201 
1558 
385 
1594 
1102 
1489 
1474 
1514 
1616 
1497 
718 
1432 
1479 
2213 
1552 
2205 
772 
340 
1990 
2295 
1256 
1123 
1176 
2394 
1681 
311 
2127 
296 
532 
1393 
797 
816 
1984 
258 
1902 
1554 
1069 
1756 
1252 
664 
2158 
1269 
1032 
1843 
561 
1982 
2392 
1645 
1321 
1945 
662 
1708 
2482 
1924 
1842 
1413 
355 
671 
1687 
1464 
1487 
571 
348 
488 
304 
593 
1345 
1031 
2645 
2366 
2557 
1332 
2103 
1006 
1439 
1358 
1785 
932 
632 
2383 
1128 
2263 
563 
833 
629 
1955 
1301 
645 
398 
1854 
931 
1305 
764 
1365 
1812 
342 
1473 
1867 
971 
1822 
1088 
1064 
1488 
1618 
1711 
1818 
1623 
1622 
1866 
1385 
164 
1878 
672 
2227 
1693 
1692 
2296 
1833 
1129 
809 
80 
1361 
913 
1288 
2171 
628 
402 
2048 
1047 
2486 
1150 
2116 
2232 
1643 
781 
259 
1316 
2161 
613 
737 
1226 
2035 
1620 
2500 
1173 
1910 
618 
1355 
452 
1503 
465 
1324 
669 
2527 
2546 
1853 
1900 
2437 
1399 
956 
1895 
1894 
1038 
2709 
1429 
459 
587 
1528 
2109 
2060 
102 
1704 
835 
2467 
1389 
392 
1411 
1748 
1362 
1565 
1352 
701 
269 
433 
1523 
1533 
222 
2223 
2224 
2221 
1782 
1366 
2016 
1922 
941 
1524 
1927 
2097 
1944 
1480 
2248 
1666 
1502 
231 
255 
243 
2049 
566 
812 
1879 
2251 
2273 
1197 
1882 
1127 
771 
1544 
1903 
1771 
691 
1482 
2139 
1027 
2054 
1470 
936 
1407 
2112 
1398 
1529 
950 
1517 
2300 
1137 
1849 
1688 
2269 
1442 
1337 
970 
660 
1803 
2615 
414 
666 
779 
1085 
1041 
2660 
1039 
2218 
1158 
248 
1232 
2098 
2015 
470 
1741 
401 
1532 
2019 
2480 
1825 
1786 
733 
1809 
2145 
2272 
1888 
2293 
916 
1855 
978 
1124 
1947 
1667 
1995 
958 
2075 
1870 
1431 
1374 
2318 
1208 
1660 
2807 
1566 
1557 
1562 
1606 
1612 
1571 
727 
1572 
2209 
2111 
2025 
1975 
484 
374 
1458 
251 
2334 
310 
2329 
2330 
434 
1207 
1190 
1774 
2090 
391 
2187 
2403 
1204 
1315 
1449 
2022 
247 
2431 
895 
1929 
1278 
2494 
2292 
1159 
1200 
2674 
1827 
917 
1952 
1930 
2324 
1409 
1538 
2681 
2395 
1118 
1289 
768 
1267 
397 
415 
2432 
2460 
1695 
239 
1642 
570 
983 
1249 
2062 
1717 
2130 
2157 
888 
1000 
2601 
2275 
2178 
1707 
1649 
2405 
919 
2490 
1360 
306 
2671 
677 
1567 
1076 
2424 
2632 
2385 
1519 
1745 
528 
449 
1441 
406 
940 
1511 
1356 
1798 
901 
1985 
1991 
989 
1416 
770 
2651 
2144 
2154 
1265 
153 
1401 
2308 
2524 
2095 
1759 
1198 
2141 
1904 
2517 
1657 
2123 
1829 
843 
830 
1376 
301 
2106 
2143 
1015 
1787 
2572 
1639 
808 
505 
1189 
2020 
1564 
979 
339 
1607 
1601 
1821 
1270 
2026 
982 
769 
966 
2222 
277 
619 
877 
564 
2091 
1611 
284 
1244 
1805 
180 
1940 
1950 
2198 
1120 
1909 
2287 
1134 
2100 
2231 
2113 
1052 
396 
2468 
1834 
372 
223 
2369 
1610 
2325 
466 
1022 
2190 
1792 
2326 
2647 
2718 
1304 
1472 
2288 
1284 
1890 
540 
1886 
378 
246 
2863 
1901 
1320 
2638 
2004 
36 
336 
2077 
1709 
435 
2246 
748 
2704 
2717 
1122 
325 
2483 
945 
2241 
1778 
1810 
1730 
1299 
1658 
1563 
224 
2262 
2548 
1670 
2376 
2433 
260 
2481 
1303 
1732 
1656 
1994 
2364 
2270 
1072 
2423 
2176 
1694 
1856 
2282 
2265 
2726 
1669 
1130 
297 
1964 
951 
2714 
1814 
1311 
1537 
1450 
1662 
2401 
2237 
2167 
1068 
1958 
1923 
2306 
909 
2244 
2421 
1661 
1452 
1726 
2491 
2720 
2071 
1743 
2639 
1405 
2066 
863 
817 
1942 
1402 
1582 
2202 
1966 
765 
2336 
2172 
2331 
2346 
902 
1172 
2316 
1035 
2044 
856 
2332 
2418 
2612 
1832 
2182 
2284 
2497 
2283 
1757 
2502 
2278 
351 
1634 
2214 
1729 
1463 
334 
2065 
2039 
2396 
1953 
1228 
2386 
2773 
741 
608 
1126 
283 
1330 
2737 
1340 
1728 
2682 
252 
1847 
2150 
287 
1019 
232 
1287 
1905 
1737 
1725 
1388 
1826 
2120 
2194 
2484 
2040 
1164 
2575 
1943 
1297 
2667 
1570 
2267 
1417 
1555 
1090 
2560 
328 
1146 
803 
1306 
495 
1535 
1961 
2703 
2616 
2179 
2096 
2766 
1396 
2724 
1229 
2289 
2250 
1925 
1868 
1659 
2657 
2411 
1170 
2186 
1749 
1951 
2080 
2390 
1457 
1848 
1630 
2061 
1013 
2350 
2388 
1835 
1844 
2174 
1384 
2782 
2402 
775 
1773 
2299 
448 
1976 
2046 
1801 
2538 
1899 
1721 
1784 
2473 
2281 
1768 
2539 
1789 
2285 
2578 
2840 
2487 
2729 
2002 
960 
2509 
1575 
1600 
1584 
1585 
1573 
1820 
1819 
2212 
2206 
1509 
1996 
2181 
2229 
2335 
1840 
2164 
2118 
1881 
929 
2320 
1797 
2129 
1434 
2147 
2607 
2007 
2038 
848 
590 
2081 
1310 
2489 
1763 
1760 
2743 
2754 
2356 
1926 
2456 
2435 
844 
1444 
2815 
716 
1796 
1727 
1716 
1235 
1406 
2256 
541 
1492 
1240 
1644 
1186 
1617 
2354 
293 
2365 
2562 
2547 
2602 
1520 
1710 
1371 
792 
2642 
2792 
2620 
1260 
2031 
1891 
1516 
2101 
2063 
2505 
1678 
168 
2621 
2722 
1862 
2446 
2763 
1804 
1008 
2162 
2391 
1912 
2321 
2416 
984 
1816 
1536 
2305 
2614 
795 
1115 
2801 
2708 
2457 
2133 
2051 
324 
2586 
2492 
2761 
2686 
1864 
2415 
2234 
2115 
1113 
469 
2795 
2117 
2079 
2656 
2185 
2478 
546 
2672 
1938 
2641 
2498 
1108 
1475 
113 
2338 
2779 
2574 
2818 
2713 
2835 
2114 
1375 
1770 
2110 
1767 
2520 
1075 
2000 
1205 
2397 
2417 
2702 
1515 
2836 
2693 
2809 
2442 
1171 
2888 
2837 
2045 
2006 
2310 
2536 
1974 
2370 
2774 
933 
954 
2173 
2808 
683 
1934 
1936 
2036 
2541 
735 
1094 
2476 
1997 
2668 
2408 
1971 
1700 
1386 
2790 
1210 
2322 
2012 
891 
2297 
2219 
1182 
1640 
2261 
801 
1920 
626 
1699 
1908 
1368 
2552 
875 
1323 
100 
2428 
2037 
443 
2479 
1765 
740 
1609 
2734 
2003 
1742 
1736 
1561 
1604 
1579 
1580 
1590 
1596 
1646 
2210 
1960 
2211 
2208 
2034 
2207 
2070 
2226 
2225 
2337 
2340 
2021 
2347 
2348 
1387 
2380 
1794 
2382 
1061 
2092 
2606 
2579 
2163 
1202 
2696 
2646 
2449 
2716 
1772 
2755 
2260 
1764 
2279 
2727 
2595 
993 
1724 
2603 
2756 
794 
1986 
2691 
1817 
2398 
2598 
295 
2159 
2459 
2553 
2751 
1454 
2444 
2528 
2644 
2257 
2559 
2841 
2570 
2280 
2126 
2255 
2197 
2239 
2843 
1753 
2844 
2565 
2247 
2725 
2855 
1354 
2631 
1641 
1689 
2216 
2372 
2772 
2862 
2323 
2757 
822 
1734 
2735 
2406 
2592 
2604 
1018 
429 
2591 
2584 
2011 
1351 
1897 
2669 
1999 
651 
1979 
2820 
1302 
1932 
1188 
2775 
2802 
1273 
2535 
1837 
948 
1915 
2731 
2769 
2666 
2747 
2290 
2301 
2434 
2439 
1937 
2710 
2728 
1318 
1907 
776 
2636 
2876 
1545 
1338 
1512 
2540 
2399 
2593 
2624 
2627 
389 
2804 
2361 
2047 
2230 
1518 
2789 
2877 
2445 
1364 
2474 
2238 
1811 
2102 
2512 
1103 
2499 
2884 
28 
2302 
2072 
2462 
2899 
2189 
2894 
2488 
2640 
2121 
1978 
1892 
1802 
2425 
2568 
2422 
1680 
1850 
1935 
2169 
2067 
2407 
1455 
2630 
1154 
1635 
2618 
1718 
2303 
2626 
2357 
2333 
2413 
942 
2404 
2861 
2084 
2059 
482 
1993 
2056 
1395 
2783 
1652 
2374 
2581 
2291 
2010 
2903 
2663 
965 
1813 
2148 
2441 
2453 
1747 
2455 
2787 
2217 
2203 
2583 
1177 
2477 
2822 
2412 
2913 
2563 
2236 
2739 
2850 
799 
2458 
1335 
2363 
1719 
1970 
1262 
2319 
2235 
2577 
2503 
2525 
2635 
1408 
1373 
2868 
2448 
2803 
1042 
2043 
2359 
1839 
2470 
743 
2914 
2414 
2910 
2315 
2589 
2027 
1917 
2053 
1348 
599 
2898 
1761 
2689 
2184 
2419 
1412 
2886 
2191 
2701 
189 
1823 
2826 
2918 
2342 
1043 
2177 
2099 
773 
2108 
2028 
2706 
2912 
1334 
1138 
1874 
2676 
1712 
2786 
1426 
2658 
2711 
1858 
2151 
1486 
2744 
2819 
2378 
1913 
444 
2678 
1664 
2024 
2017 
1731 
1477 
2195 
698 
1347 
1531 
2493 
2599 
2088 
1466 
2784 
1624 
581 
2853 
229 
2814 
2596 
2192 
2881 
1591 
1586 
2201 
2204 
2339 
2175 
1276 
2345 
2343 
2349 
2344 
2379 
2001 
2393 
2134 
2573 
2605 
2362 
1954 
2519 
1414 
1632 
2495 
2600 
2742 
1793 
2440 
2119 
1481 
2649 
2183 
2094 
1831 
2156 
1893 
2765 
2748 
1807 
2149 
2738 
2514 
2400 
1167 
1180 
2451 
2860 
2409 
2623 
2771 
2799 
2648 
2864 
2670 
2587 
2634 
2874 
807 
2880 
2879 
2872 
2360 
2878 
2504 
280 
1513 
436 
1872 
646 
2650 
2791 
2764 
2585 
2827 
2009 
810 
2529 
2834 
2532 
2848 
2472 
2842 
2617 
2328 
2582 
2215 
2891 
2086 
2859 
2781 
1132 
1440 
952 
2160 
2558 
1551 
2196 
2652 
2857 
1980 
2758 
2625 
1415 
2679 
2684 
2798 
2920 
2677 
1898 
2812 
2643 
2788 
2828 
226 
2688 
2922 
2690 
1714 
160 
2567 
2661 
2317 
2816 
1133 
2890 
1109 
2266 
2905 
2723 
2610 
2018 
2510 
2854 
2475 
535 
268 
2463 
2534 
2454 
999 
2375 
1824 
2824 
2471 
1238 
2692 
2931 
2887 
2793 
2166 
2685 
2810 
1989 
1777 
2608 
2866 
2892 
2925 
2780 
2353 
2883 
2870 
1884 
2867 
2800 
2698 
2852 
2188 
2526 
2387 
2068 
1331 
2566 
2637 
2911 
2465 
357 
2683 
2513 
2447 
2078 
2240 
2885 
2008 
2733 
1651 
2935 
1887 
2897 
2750 
1963 
2715 
1367 
2058 
806 
974 
2923 
1706 
1275 
2895 
2753 
2561 
1931 
2485 
2633 
2571 
2653 
2823 
2697 
2768 
2242 
442 
2740 
827 
2906 
2531 
2076 
2821 
1875 
2732 
1740 
1400 
1647 
2919 
1880 
2032 
2367 
1744 
2033 
2530 
2694 
2749 
2544 
1221 
2811 
2900 
2450 
2554 
2309 
1723 
2452 
2909 
2770 
2384 
2508 
2313 
2523 
1451 
2298 
1739 
2796 
1184 
2794 
2542 
1883 
1733 
2915 
2916 
2030 
2746 
2588 
2622 
2665 
420 
2609 
1885 
2938 
2937 
2252 
2254 
2245 
2707 
2904 
2741 
2253 
1701 
2759 
2680 
2869 
2522 
2730 
364 
2327 
2655 
1350 
2805 
2619 
2410 
2533 
2430 
2576 
1852 
2939 
2745 
791 
2927 
2719 
2933 
2277 
2705 
2847 
2107 
2352 
2264 
2377 
2662 
2613 
2155 
964 
2851 
2013 
1998 
2469 
2865 
2777 
2921 
2131 
2436 
2276 
1162 
1553 
2928 
2736 
2268 
2833 
2930 
2700 
2785 
2550 
1187 
2856 
2896 
2806 
2846 
1668 
2466 
1147 
2839 
2594 
2832 
2882 
2778 
2389 
2673 
2125 
2294 
2875 
2871 
2776 
1679 
2858 
2368 
1735 
2564 
307 
2073 
2924 
1206 
2233 
2507 
2829 
2496 
1766 
2501 
2940 
1830 
2082 
2515 
2259 
2813 
2628 
2549 
1086 
2932 
2760 
2104 
1030 
2941 
2271 
2849 
2569 
2699 
2249 
2831 
2654 
2304 
2889 
2830 
2543 
2355 
1861 
2537 
1752 
2908 
233 
2461 
1846 
2611 
2721 
2286 
2152 
2312 
2936 
2873 
2893 
2429 
2901 
1663 
2934 
2420 
2762 
1949 
2511 
2341 
2845 
2555 
2545 
486 
1836 
2516 
1506 
2902 
2917 
2580 
2825 
703 
