569 
1536 
303 
397 
498 
1714 
1174 
1574 
1598 
1235 
1663 
1811 
1999 
1982 
1468 
1865 
889 
653 
689 
1332 
2033 
1339 
2633 
986 
1196 
1919 
1639 
1623 
1222 
1364 
1481 
279 
1654 
640 
624 
1321 
948 
2099 
875 
1047 
1672 
1817 
973 
1979 
1217 
1010 
2540 
1281 
2028 
2264 
1121 
1366 
1507 
1737 
1991 
1540 
1306 
1524 
1652 
1425 
1841 
1878 
1906 
2094 
2353 
440 
1605 
2200 
2489 
1710 
2425 
2679 
2577 
1175 
1324 
1690 
2214 
621 
823 
1314 
1386 
1471 
1408 
1594 
2149 
2056 
1942 
1367 
1635 
1608 
1829 
1844 
1411 
1284 
2379 
2417 
1794 
1852 
1969 
1879 
2170 
616 
478 
967 
1142 
1987 
2299 
441 
1099 
1826 
1933 
2350 
1110 
1398 
1286 
1859 
1894 
239 
2231 
2727 
181 
578 
1600 
1335 
2116 
2216 
2259 
2148 
70 
225 
807 
1624 
1835 
2180 
2175 
393 
513 
1097 
1128 
2300 
672 
579 
1319 
1546 
413 
2372 
261 
708 
913 
1125 
1220 
1357 
2098 
1915 
247 
811 
882 
185 
946 
933 
1682 
2055 
2555 
1317 
2293 
407 
1496 
1927 
2047 
1551 
1035 
764 
1957 
670 
1650 
2552 
1086 
1322 
1380 
1442 
1559 
1576 
1840 
2327 
1748 
1989 
2042 
1903 
2891 
1247 
1564 
1360 
1813 
1239 
773 
1745 
1860 
2438 
1950 
228 
744 
1302 
1415 
1549 
2233 
2241 
2328 
548 
1188 
1561 
2102 
2130 
2093 
2535 
930 
1207 
2019 
1728 
80 
301 
1318 
761 
1438 
1505 
1643 
1743 
1020 
346 
774 
1379 
1783 
768 
2212 
2222 
1452 
2420 
1315 
1562 
1931 
2481 
1108 
1440 
1601 
1461 
2155 
2378 
2431 
1812 
309 
786 
1089 
1124 
943 
1491 
649 
2051 
2286 
2332 
330 
373 
780 
1680 
2000 
1978 
570 
307 
503 
1400 
1203 
1477 
826 
2267 
2436 
2409 
821 
997 
1191 
1266 
2524 
2569 
2648 
11 
677 
637 
996 
1515 
1732 
1789 
2239 
285 
1189 
1233 
1429 
992 
1693 
2043 
2255 
2020 
455 
827 
1625 
1929 
2279 
2333 
1057 
1261 
679 
1954 
540 
626 
1494 
863 
1706 
1866 
1607 
2115 
2049 
747 
1689 
2525 
443 
1470 
1904 
1928 
1992 
2059 
2352 
822 
2532 
2599 
298 
2670 
1013 
1180 
1522 
2215 
1028 
1245 
1460 
1993 
1875 
1996 
2501 
339 
841 
1090 
1144 
1435 
1458 
1502 
1026 
684 
2174 
1911 
2400 
2503 
2836 
2895 
1169 
1227 
1580 
1593 
1721 
1854 
1630 
2167 
380 
1186 
1814 
1434 
2172 
1870 
2386 
313 
477 
927 
2025 
2949 
1436 
659 
1842 
899 
2323 
250 
660 
1686 
1736 
2031 
2080 
1941 
2510 
1973 
2674 
2802 
496 
2366 
572 
2565 
1330 
1021 
1354 
1555 
1838 
1966 
2126 
2122 
1518 
1187 
2392 
2470 
971 
408 
1757 
2101 
2220 
398 
634 
906 
1116 
1961 
2402 
2705 
2782 
1060 
1214 
1421 
1512 
2159 
1917 
2611 
2627 
2911 
232 
1845 
2427 
2377 
2240 
1134 
450 
1573 
1659 
249 
1206 
1374 
1342 
1679 
1768 
1395 
1940 
2262 
1534 
1775 
2855 
924 
789 
1506 
1532 
1708 
1958 
1731 
1268 
2796 
384 
1224 
1538 
1677 
2065 
2398 
1136 
1533 
1709 
2208 
1399 
2418 
781 
1223 
1337 
100 
1660 
654 
2444 
1968 
2067 
154 
314 
1056 
1132 
1565 
1770 
1920 
2514 
1445 
1795 
1858 
1916 
2038 
2082 
2230 
360 
2494 
422 
2570 
347 
1204 
947 
1642 
1697 
165 
2064 
1834 
1353 
1391 
1638 
1695 
2183 
2743 
456 
1372 
1390 
2004 
1986 
3043 
779 
1560 
1615 
1618 
1742 
1727 
2069 
2161 
2376 
1648 
1164 
1287 
1930 
2013 
2071 
248 
2745 
1977 
2305 
1159 
1511 
1678 
1495 
1751 
253 
2138 
2146 
2251 
952 
2385 
1602 
2466 
2502 
2884 
1140 
1152 
1343 
1219 
1970 
2072 
1603 
2541 
1972 
271 
1373 
1588 
1547 
1696 
2014 
2204 
1296 
2117 
1945 
245 
490 
2199 
2131 
2187 
2182 
2688 
2467 
607 
1199 
1478 
1599 
1850 
1882 
1891 
1614 
2289 
1350 
2136 
1437 
1422 
757 
1700 
1257 
1040 
2294 
378 
818 
1479 
1769 
1767 
1964 
2184 
2273 
2899 
36 
402 
942 
961 
1734 
1756 
1988 
2089 
2015 
2659 
2551 
1827 
1909 
1975 
1926 
1853 
2322 
1291 
2435 
1249 
1389 
1443 
1414 
2017 
2202 
912 
1002 
951 
956 
1669 
1692 
928 
2165 
2349 
2654 
2870 
854 
1055 
1305 
2203 
2223 
2275 
2234 
2448 
403 
2344 
2618 
536 
995 
1815 
1883 
1905 
1971 
2193 
2317 
2393 
2517 
778 
902 
920 
1146 
1483 
1378 
1897 
2008 
2105 
2329 
2334 
1637 
1747 
595 
1569 
1521 
1876 
2270 
1918 
2550 
223 
938 
969 
1349 
1323 
1646 
1735 
2341 
2365 
2468 
2516 
574 
2779 
1636 
2625 
1370 
2980 
805 
1681 
1790 
1995 
2006 
2145 
2337 
1749 
1857 
235 
1816 
1886 
944 
2537 
2492 
2896 
2965 
1463 
2061 
2095 
2134 
2238 
2285 
2389 
2475 
2156 
2637 
262 
707 
2016 
2388 
820 
2784 
2943 
1178 
1428 
1473 
1861 
2124 
2086 
1889 
1487 
2077 
2624 
2962 
1183 
1733 
1822 
1936 
2288 
2634 
2521 
2702 
2630 
395 
476 
1544 
1388 
1694 
1707 
1720 
2040 
2197 
1307 
3022 
886 
1279 
1766 
2318 
2523 
2623 
2651 
598 
254 
1683 
1828 
2313 
2673 
2754 
2641 
2314 
2519 
421 
2121 
2120 
2143 
2164 
2316 
2655 
2959 
1571 
1956 
2076 
2265 
2083 
1739 
2529 
2173 
1143 
427 
1898 
1392 
2185 
2361 
2683 
2347 
1698 
2974 
1065 
1934 
2026 
2097 
2176 
2225 
2306 
2370 
2553 
2731 
1782 
2805 
2869 
2542 
1699 
241 
1074 
1718 
2035 
2391 
2433 
2512 
2506 
2714 
1647 
2770 
1872 
2769 
473 
1282 
1653 
1819 
492 
1953 
2644 
1932 
3025 
1704 
846 
1446 
1796 
1823 
1994 
2128 
1985 
2254 
2739 
224 
2310 
2331 
2249 
2210 
2078 
2063 
801 
1621 
1701 
1719 
1908 
2088 
2281 
2298 
2302 
2321 
2421 
867 
2429 
1252 
2610 
2816 
234 
1484 
1750 
1818 
1981 
2125 
2205 
2236 
1513 
169 
289 
1246 
442 
1591 
2335 
2324 
2451 
3096 
3120 
282 
297 
451 
1032 
2096 
2108 
2319 
1572 
2531 
2566 
2368 
2920 
2866 
190 
1048 
1786 
1901 
2002 
2206 
2545 
2639 
2530 
2919 
2783 
2604 
749 
1469 
1688 
1983 
1895 
2198 
940 
2382 
2406 
2387 
2740 
1762 
1329 
2827 
2843 
2839 
2561 
2712 
436 
991 
1760 
2274 
2462 
2497 
2513 
1626 
2643 
2771 
3040 
2338 
2780 
855 
962 
978 
1397 
2697 
1508 
2734 
1830 
2793 
3196 
329 
299 
1215 
1803 
1877 
1880 
2272 
2308 
2342 
2426 
2719 
2280 
1890 
1912 
3144 
1552 
1609 
2201 
1671 
1620 
2432 
2842 
1205 
2889 
344 
1556 
2147 
2266 
102 
2440 
2508 
2373 
2397 
2774 
2477 
2828 
1320 
1944 
2062 
2245 
2309 
2403 
1358 
2430 
2177 
2486 
2563 
2841 
1412 
2825 
691 
1193 
1277 
1420 
1369 
1825 
2118 
1645 
2580 
2703 
2849 
2885 
2628 
2909 
2954 
2012 
3177 
3072 
972 
976 
1160 
2079 
2271 
333 
1052 
2829 
2881 
2612 
2958 
3150 
28 
1427 
2114 
2450 
2518 
2621 
2452 
658 
114 
977 
953 
1667 
1888 
2104 
2526 
1951 
2614 
2716 
2567 
2635 
2888 
2411 
3020 
2032 
2546 
257 
802 
859 
1409 
1587 
1781 
1765 
1773 
2242 
2283 
286 
2445 
2498 
2054 
2554 
1974 
1676 
2649 
2686 
2844 
2882 
2927 
2950 
2913 
2646 
833 
1404 
1873 
1869 
1924 
2074 
2150 
2169 
2504 
2522 
2613 
2657 
2151 
2862 
2873 
2459 
3191 
2005 
1402 
1777 
1896 
2137 
2268 
2490 
2636 
2617 
2753 
2759 
2871 
1884 
2887 
589 
1771 
2163 
2362 
2100 
2478 
2585 
2559 
2939 
2948 
2988 
3015 
3041 
2380 
341 
725 
1740 
2010 
2050 
2154 
2213 
1885 
2075 
1498 
2572 
2219 
2755 
2837 
2209 
1006 
270 
1874 
2412 
2495 
1525 
2576 
2600 
2482 
2854 
965 
1170 
1293 
1455 
1127 
2181 
2424 
2415 
2454 
2107 
1791 
2132 
3145 
712 
1325 
2191 
2434 
2602 
2699 
2788 
2261 
1907 
2878 
2360 
804 
1976 
2295 
2738 
2446 
2808 
2850 
2052 
2976 
2662 
3012 
3076 
2277 
3042 
1589 
2243 
230 
2575 
310 
2615 
2616 
2687 
2584 
2752 
2821 
2830 
3007 
2383 
2701 
2276 
2696 
554 
1123 
1741 
1863 
2037 
782 
2626 
2706 
2587 
2757 
2789 
2363 
2947 
3029 
2660 
3132 
3138 
2955 
3107 
3324 
3160 
2060 
2258 
2384 
2488 
2110 
816 
2711 
2794 
2857 
2858 
2979 
2799 
2449 
3121 
2733 
2355 
320 
494 
963 
1410 
1432 
1799 
2023 
2034 
1959 
2511 
1661 
2652 
2044 
2704 
1611 
2776 
2995 
959 
3113 
2608 
3220 
1147 
1361 
1746 
1914 
2253 
2257 
2290 
2330 
2414 
2573 
2590 
2730 
2735 
2732 
2877 
2977 
3011 
3124 
3074 
3146 
1946 
3199 
161 
233 
295 
1104 
1148 
1943 
2022 
2103 
2301 
2303 
2371 
1413 
2479 
2543 
2119 
2582 
2838 
2405 
2892 
2760 
2443 
2861 
2665 
3055 
3082 
3214 
3131 
1441 
1444 
1702 
2345 
2560 
2606 
2650 
2741 
2762 
2768 
2725 
2957 
2809 
1077 
3097 
3136 
3071 
2848 
1684 
2053 
2171 
2263 
2336 
2410 
2461 
2473 
2487 
2500 
2596 
2693 
1949 
2750 
2775 
2800 
2647 
2852 
2875 
2364 
2676 
2211 
2863 
3184 
1725 
1778 
2021 
2068 
2178 
987 
2291 
2658 
1486 
2736 
2113 
2190 
2717 
1031 
3027 
3060 
3142 
3183 
3190 
1424 
1960 
752 
813 
838 
2045 
2084 
2396 
2597 
2619 
1606 
2713 
2729 
2765 
2781 
2874 
2890 
2906 
2918 
2941 
2951 
2460 
830 
3099 
1821 
1510 
1820 
2106 
2304 
2123 
2499 
2548 
2722 
2778 
2640 
2826 
2811 
2853 
2528 
2942 
1900 
2961 
2982 
3028 
3148 
3171 
2168 
3251 
2447 
1713 
1792 
2188 
2186 
2252 
2620 
2642 
2710 
2689 
2773 
2868 
2631 
2945 
2744 
3039 
3068 
3062 
3118 
2218 
3215 
2395 
3274 
3278 
1012 
3232 
449 
817 
1122 
1640 
1804 
2087 
2160 
2179 
2381 
2509 
2746 
2747 
2591 
3077 
2946 
2666 
3126 
2547 
3260 
3326 
2953 
1043 
1100 
1129 
1377 
2278 
2284 
2465 
2534 
2558 
2581 
2568 
2817 
2189 
2351 
2937 
2981 
2984 
3061 
3073 
2694 
2894 
2708 
549 
1793 
1833 
1867 
2009 
2228 
2374 
2437 
2422 
2456 
2544 
2622 
2726 
2823 
2840 
2967 
2993 
2578 
3032 
3033 
3079 
3108 
3116 
3125 
2872 
3128 
2893 
2472 
3210 
3300 
410 
2001 
2048 
1980 
2312 
2399 
1464 
2480 
2632 
2282 
362 
2728 
2737 
2807 
2638 
2978 
3023 
3143 
3158 
2846 
2538 
750 
1161 
1117 
1965 
1892 
1893 
2157 
2367 
1705 
2455 
2520 
2571 
2653 
2464 
2751 
2493 
1430 
2964 
3058 
3056 
543 
3165 
2692 
3188 
3249 
3280 
1752 
3310 
3161 
3378 
3101 
485 
1581 
1541 
1597 
1784 
2357 
2593 
2669 
2767 
2763 
2592 
2960 
2325 
2923 
3100 
3112 
3180 
3261 
3264 
3276 
3302 
1627 
1759 
2162 
2390 
2458 
2549 
2645 
2667 
2439 
2831 
2929 
2940 
1881 
2990 
2112 
3034 
2756 
2326 
3186 
3287 
3337 
2682 
3133 
370 
2196 
2307 
1763 
2663 
2695 
2933 
2975 
3070 
3315 
3344 
3355 
3317 
3325 
3411 
3229 
1527 
1779 
1952 
2007 
1550 
2192 
2246 
2539 
2583 
2672 
2152 
2742 
2764 
2785 
2860 
2910 
2989 
3031 
3046 
3001 
3159 
3174 
3175 
3268 
3170 
3205 
785 
3182 
1567 
2111 
3252 
318 
2024 
2224 
2339 
2359 
1806 
1530 
2401 
2442 
2484 
1622 
2601 
2595 
2675 
2715 
2908 
2900 
2904 
809 
3008 
3066 
3069 
3036 
1729 
2354 
3262 
2677 
3370 
3111 
3345 
367 
1514 
2166 
2356 
2441 
2680 
2806 
2834 
2907 
2930 
2315 
2992 
3030 
3038 
3083 
2594 
3137 
3169 
2963 
3014 
2832 
2690 
3401 
2721 
705 
1480 
1519 
1616 
1776 
1785 
2346 
2469 
2718 
2938 
2973 
2968 
2797 
2536 
1288 
3063 
3119 
3187 
3221 
3047 
2661 
1548 
3258 
3094 
3189 
2883 
3333 
2369 
1197 
1788 
2029 
2194 
2394 
2709 
1923 
2795 
2845 
2867 
3019 
3016 
3122 
3057 
2897 
3207 
2287 
3222 
2724 
3018 
3332 
3367 
1375 
3429 
1201 
1554 
1787 
2229 
2256 
2358 
2423 
2629 
2681 
2835 
2902 
784 
2966 
2898 
3129 
3141 
2375 
3224 
3234 
3103 
3277 
3051 
2140 
3338 
3346 
2085 
3295 
3389 
3093 
3237 
3223 
1356 
1754 
1849 
2247 
2609 
2668 
2685 
1238 
2758 
2772 
1937 
2876 
2880 
3078 
2924 
1798 
3092 
3166 
3198 
3201 
3213 
3231 
3233 
3250 
3135 
3311 
3348 
3110 
2914 
3416 
1489 
1656 
1990 
1947 
2092 
2226 
1167 
2557 
2579 
2707 
2340 
2691 
2822 
2944 
2819 
3006 
3045 
2463 
2833 
3181 
2997 
3212 
3194 
3309 
3123 
3386 
3406 
3206 
3202 
3466 
1490 
1774 
2090 
2296 
2419 
2496 
2605 
2970 
3002 
2720 
3087 
1800 
3162 
3226 
3054 
3281 
3316 
3341 
3253 
3374 
3393 
3395 
3478 
3459 
2748 
3541 
3575 
3245 
302 
1294 
2297 
2311 
2574 
2453 
2810 
2792 
2815 
2931 
2934 
2678 
2971 
2607 
2564 
3109 
3114 
3211 
3248 
3235 
3376 
3017 
3433 
3363 
3140 
3167 
3392 
3299 
3552 
1802 
1997 
2142 
2195 
2348 
2471 
2761 
2916 
2928 
2925 
2983 
1255 
2999 
3067 
3098 
3117 
3090 
3153 
3164 
3173 
3204 
2952 
2598 
3208 
3284 
3294 
3330 
2932 
3340 
3354 
2922 
3373 
3044 
3410 
3390 
3259 
3298 
3465 
3471 
1632 
2073 
2244 
2533 
2588 
2586 
2723 
2787 
2879 
2921 
2698 
2936 
2996 
3000 
3024 
3065 
3075 
3081 
3095 
2972 
3115 
2081 
3085 
3080 
3217 
3203 
1504 
3361 
3366 
3365 
3005 
3422 
3304 
3427 
3402 
3064 
3421 
3105 
3443 
981 
2260 
2485 
2589 
2664 
2700 
2818 
2791 
2926 
3026 
3053 
3084 
3102 
3134 
3218 
3239 
3266 
3270 
1780 
3312 
3328 
3357 
2859 
3403 
3426 
3438 
3163 
3385 
3086 
3461 
3472 
3578 
3432 
1938 
2027 
2603 
2824 
2851 
2991 
2985 
3004 
3059 
3157 
3193 
3197 
3219 
3255 
3263 
3293 
3301 
3323 
3335 
3358 
3362 
2515 
3283 
3254 
3387 
1493 
3418 
3412 
3423 
3441 
2505 
3437 
3445 
3452 
3455 
3359 
3456 
3240 
2986 
3288 
3484 
3490 
3155 
3139 
3607 
3428 
1758 
1910 
2217 
2749 
2856 
2912 
2915 
3010 
3089 
3104 
3149 
3156 
3172 
3178 
3185 
3195 
3088 
3267 
3272 
3296 
3306 
3307 
3322 
3377 
3419 
3415 
3275 
3319 
3439 
3454 
3457 
3247 
3342 
3544 
3554 
3430 
3035 
3579 
3581 
3553 
2457 
2476 
2507 
2656 
2813 
2801 
2969 
3037 
3127 
3168 
2864 
227 
3290 
3350 
3368 
3375 
3383 
2917 
3400 
3420 
3238 
3436 
3442 
3282 
3289 
3540 
3532 
3152 
3557 
3560 
3566 
3580 
3588 
3593 
3603 
3611 
3612 
1807 
2070 
2129 
2221 
2408 
2404 
2684 
2804 
2901 
3021 
3048 
3049 
3106 
3130 
3305 
3321 
3327 
3352 
3351 
3269 
3369 
3360 
3399 
3404 
3409 
3431 
3453 
3480 
3318 
3493 
3519 
3511 
3530 
2814 
1362 
3329 
3273 
3587 
3320 
3625 
2820 
2886 
2905 
2935 
3179 
3200 
3242 
2865 
3285 
3303 
2998 
3339 
3364 
3381 
3380 
3434 
3444 
3449 
3408 
3464 
3440 
3474 
3476 
3244 
3485 
3494 
3549 
3551 
3292 
3561 
3565 
3571 
3349 
3257 
3592 
3192 
3605 
3606 
3558 
3613 
3631 
3634 
3405 
3690 
1948 
2207 
2413 
2786 
2956 
3050 
3052 
3091 
3147 
3228 
3236 
3246 
2766 
3291 
3308 
3314 
3356 
3371 
3391 
3407 
3413 
3425 
3424 
3417 
3447 
3448 
3450 
3462 
3467 
3468 
3469 
3470 
3388 
3488 
3486 
3489 
3517 
3504 
3525 
3446 
3331 
3499 
3271 
3505 
3510 
3516 
3542 
3543 
3382 
2803 
3545 
3547 
2987 
3498 
3556 
3500 
2994 
3563 
3564 
3562 
2428 
3574 
3372 
3582 
3589 
3594 
3595 
3598 
3548 
3414 
3216 
1809 
3608 
2562 
2903 
3394 
3615 
3618 
3619 
3621 
3520 
3628 
3629 
3638 
3645 
3646 
3241 
3647 
3651 
3529 
3655 
3665 
3659 
3666 
3256 
3670 
3617 
3672 
3679 
3680 
3681 
3682 
3313 
3683 
3689 
3691 
3692 
3508 
2777 
2812 
3003 
3013 
3154 
3151 
3176 
3209 
3227 
3230 
3265 
3286 
3336 
3347 
3353 
3379 
3384 
3398 
3435 
3473 
2527 
3477 
3479 
3482 
3487 
3501 
3535 
3522 
3513 
3279 
3502 
3507 
3495 
3518 
3460 
3523 
3496 
3506 
3521 
3539 
3534 
3509 
3526 
3550 
3546 
3555 
3559 
3567 
3570 
3577 
3528 
3585 
3586 
3590 
3591 
3599 
3600 
3601 
3243 
3602 
3604 
3497 
3609 
3610 
3596 
3538 
3396 
3616 
3492 
3620 
3623 
3334 
3626 
3627 
3458 
3632 
3633 
3637 
3640 
3639 
3642 
3649 
3650 
3515 
3622 
3648 
3491 
3664 
3663 
3661 
3657 
3662 
3524 
3667 
3463 
3673 
3636 
3675 
3674 
3676 
3677 
3678 
3635 
3686 
3572 
3684 
3624 
3481 
3693 
3694 
3584 
3695 
3697 
3696 
3698 
3699 
3700 
3668 
3701 
3343 
3702 
3704 
3614 
3705 
3688 
3573 
