777 
824 
874 
922 
927 
987 
1008 
1011 
43 
56 
113 
138 
298 
364 
382 
383 
440 
443 
466 
469 
480 
489 
496 
498 
333 
541 
543 
557 
572 
575 
580 
582 
611 
614 
615 
618 
636 
657 
663 
669 
670 
673 
674 
711 
721 
743 
60 
279 
291 
491 
767 
788 
825 
826 
830 
832 
854 
877 
879 
891 
933 
951 
954 
1010 
1072 
17 
25 
29 
42 
84 
106 
109 
157 
206 
223 
235 
260 
277 
292 
304 
307 
328 
347 
369 
394 
463 
493 
537 
540 
563 
566 
574 
576 
577 
583 
588 
589 
612 
613 
616 
617 
621 
638 
643 
645 
648 
681 
685 
686 
688 
692 
693 
695 
703 
331 
723 
726 
759 
769 
773 
782 
799 
833 
840 
861 
873 
894 
897 
920 
923 
928 
948 
958 
1000 
1007 
1009 
1034 
1040 
1058 
1064 
1017 
1125 
75 
137 
148 
164 
243 
250 
253 
265 
319 
335 
338 
340 
341 
344 
350 
365 
367 
378 
397 
452 
460 
468 
502 
521 
542 
550 
569 
579 
584 
585 
600 
610 
619 
629 
631 
640 
687 
720 
737 
330 
362 
423 
757 
760 
768 
784 
809 
823 
828 
843 
845 
846 
855 
872 
875 
886 
899 
19 
924 
938 
947 
959 
960 
962 
970 
971 
974 
976 
989 
647 
931 
1013 
1016 
1018 
1020 
1049 
943 
1051 
1059 
1090 
1088 
1117 
1118 
34 
40 
102 
111 
205 
262 
308 
348 
349 
354 
363 
375 
399 
406 
414 
436 
437 
439 
445 
456 
296 
467 
486 
499 
534 
536 
539 
551 
561 
562 
564 
571 
604 
606 
607 
622 
623 
634 
637 
667 
668 
696 
702 
705 
729 
744 
751 
752 
753 
739 
763 
764 
772 
774 
789 
790 
793 
796 
801 
805 
807 
810 
820 
821 
827 
836 
839 
841 
848 
858 
859 
862 
885 
888 
895 
903 
904 
905 
936 
941 
950 
952 
955 
965 
967 
973 
978 
983 
996 
997 
1004 
1006 
1019 
1021 
1022 
1032 
1035 
1038 
1039 
1043 
1044 
1045 
1048 
1062 
1069 
1070 
1078 
1089 
1005 
1132 
1133 
1135 
1136 
1152 
1187 
1205 
33 
36 
45 
83 
114 
246 
255 
266 
278 
329 
352 
361 
372 
376 
389 
393 
421 
425 
441 
458 
459 
531 
547 
555 
556 
559 
586 
591 
592 
593 
597 
620 
633 
644 
666 
679 
680 
694 
697 
699 
713 
717 
725 
732 
742 
748 
438 
690 
766 
770 
771 
778 
781 
785 
794 
795 
798 
800 
803 
804 
808 
811 
815 
816 
831 
834 
837 
838 
842 
849 
850 
852 
853 
857 
871 
876 
880 
884 
887 
893 
898 
901 
902 
907 
908 
915 
921 
935 
939 
940 
942 
944 
946 
953 
957 
961 
963 
964 
975 
977 
979 
985 
990 
994 
995 
998 
999 
1003 
1012 
1023 
1029 
1031 
1036 
1041 
1042 
1050 
949 
1056 
1057 
724 
1066 
1068 
1071 
1074 
1076 
1077 
1092 
1094 
1096 
1102 
1106 
1108 
1109 
1112 
1115 
1120 
1124 
722 
1127 
1128 
1130 
1131 
1134 
1139 
1141 
1146 
1148 
1153 
1156 
1191 
1193 
1198 
1208 
1209 
1210 
1218 
1220 
1221 
15 
35 
73 
74 
103 
112 
118 
129 
145 
252 
295 
343 
351 
358 
359 
373 
374 
387 
396 
532 
533 
535 
544 
554 
570 
573 
578 
598 
599 
625 
642 
652 
665 
676 
700 
710 
718 
733 
313 
756 
758 
765 
775 
776 
783 
786 
787 
792 
797 
802 
806 
813 
817 
818 
829 
847 
851 
856 
860 
864 
866 
867 
868 
869 
881 
882 
883 
889 
890 
892 
896 
900 
906 
909 
910 
911 
912 
913 
914 
916 
917 
919 
926 
932 
934 
937 
956 
966 
969 
972 
980 
981 
982 
984 
986 
988 
991 
993 
1001 
1002 
1025 
1026 
1028 
1030 
1033 
336 
1037 
1052 
1053 
1054 
1055 
1063 
1065 
1067 
1075 
1079 
1080 
1081 
1082 
1084 
1086 
1087 
1091 
1093 
1095 
1083 
1099 
1101 
1103 
1104 
1105 
1107 
1110 
1111 
1113 
1114 
1116 
1119 
1121 
1122 
1123 
1129 
1137 
1138 
1140 
1142 
1143 
1144 
1145 
1147 
1149 
1150 
1151 
1154 
1155 
1157 
1158 
1161 
1162 
1163 
1164 
1097 
1165 
1166 
1167 
1168 
1169 
1170 
1171 
1172 
1173 
1175 
1176 
1177 
1178 
1179 
1180 
1181 
1182 
1183 
1184 
1185 
1186 
1188 
1189 
1190 
453 
835 
1192 
1194 
1195 
1196 
1199 
1200 
1201 
1202 
1203 
1204 
1206 
1207 
1211 
1212 
1213 
1214 
1215 
1217 
1222 
1224 
1225 
1226 
1227 
1228 
1229 
1230 
1231 
1232 
1233 
1234 
1235 
1236 
1237 
